t X
0 1
0.01 1.05855288178439
0.02 1.13096147302978
0.03 1.11802781450099
0.04 1.06889618083309
0.05 1.13084836925367
0.06 0.936215985400461
0.07 0.997821061641438
0.08 0.97025454631817
0.09 0.942561839893303
0.1 0.853883271172964
0.11 0.844602466389868
0.12 1.01317151845777
0.13 1.0503458777891
0.14 1.10315752231971
0.15 1.02329659157941
0.16 1.10569968037869
0.17 1.01144019117567
0.18 0.977978904090399
0.19 1.08902954501206
0.2 1.11931303269698
0.21 1.20060202412032
0.22 1.35810926738712
0.23 1.27943946352996
0.24 1.10096610950424
0.25 0.93231369032013
0.26 1.10728425766907
0.27 1.05552883092255
0.28 1.11871070131836
0.29 1.18226735822856
0.3 1.16279626827853
0.31 1.2487150516339
0.32 1.49171508565845
0.33 1.73707741264946
0.34 1.94486008868406
0.35 1.97087170099655
0.36 2.03011979549687
0.37 1.97364200534147
0.38 1.73041018037625
0.39 1.95564272728586
0.4 1.94969442951097
0.41 2.09777309921599
0.42 1.74203165785966
0.43 1.59467108237893
0.44 1.70706674770238
0.45 1.81163426849062
0.46 2.00012766850938
0.47 1.7902776678661
0.48 1.85829416036585
0.49 1.92921093016614
0.5 1.73840964076459
0.51 1.6597763087647
0.52 1.90410428319262
0.53 1.90245812346136
0.54 1.94193826567303
0.55 1.83901599073707
0.56 1.86831922136966
0.57 1.95410979347429
0.58 2.05972661385591
0.59 2.35698366696526
0.6 1.98309993595032
0.61 1.9943348654192
0.62 1.79479798384426
0.63 1.86097605613944
0.64 2.06926520467487
0.65 1.97415027068406
0.66 1.70695158778871
0.67 1.81591780617093
0.68 2.02249075197332
0.69 2.08576997036179
0.7 1.88778883975293
0.71 1.8864149581756
0.72 1.76978171060673
0.73 1.62248518999886
0.74 1.91311351913053
0.75 2.09799806558545
0.76 2.22354880134072
0.77 2.33452138518932
0.78 2.19717975853785
0.79 2.25580170494022
0.8 2.39662982319241
0.81 2.48257561663138
0.82 2.63210955311415
0.83 2.56640829006012
0.84 2.94757770773458
0.85 3.09484605897284
0.86 3.40236094621885
0.87 3.50229886195068
0.88 3.4196441537733
0.89 3.49466317958381
0.9 3.62391790826132
0.91 3.41418474851394
0.92 3.23204492161314
0.93 3.54895769873755
0.94 3.4496545338853
0.95 3.24302262216801
0.96 3.34436987018355
0.97 3.22856574020567
0.98 3.59398371269644
0.99 3.4543354228901
1 3.30070471400133
1.01 3.31838008038666
1.02 3.08457376560627
1.03 3.13791720248149
1.04 2.88186866919854
1.05 2.88700055065453
1.06 2.77704968735217
1.07 2.70735164981722
1.08 2.94632090994068
1.09 2.84995345642133
1.1 2.88566537179706
1.11 2.65783632847041
1.12 2.42539837245529
1.13 2.6075663575886
1.14 2.80451971404694
1.15 2.77295092649794
1.16 2.67111295445649
1.17 2.64587808159293
1.18 2.73171074666137
1.19 3.07470198918285
1.2 3.04185290318597
1.21 3.29087262188403
1.22 3.50768536696065
1.23 3.54294368804414
1.24 3.80568147611899
1.25 3.69544856516139
1.26 3.44572754622917
1.27 3.07872062647882
1.28 3.2610009954339
1.29 2.85491521167234
1.3 2.63427866172772
1.31 2.88447120667839
1.32 3.01570405496138
1.33 3.08669582059694
1.34 2.85769617147908
1.35 3.28807282720585
1.36 3.07517344535155
1.37 2.87710952137767
1.38 2.97180121424124
1.39 2.97435196337152
1.4 2.88172952876179
1.41 2.66934489586309
1.42 2.44128256190387
1.43 2.3339504074764
1.44 2.09132745366785
1.45 2.08270713792114
1.46 2.14983510960732
1.47 1.91146792060877
1.48 2.01982272681345
1.49 2.13696631214378
1.5 2.14587100686308
1.51 1.89720026257639
1.52 1.9637639827521
1.53 1.98149208324763
1.54 1.85815008370868
1.55 1.83476158116811
1.56 1.79242239912525
1.57 2.01200905272682
1.58 1.95305179446046
1.59 1.95299253253087
1.6 1.85254580716879
1.61 1.77764871994402
1.62 1.81029093053406
1.63 1.76963113013399
1.64 1.6978510147481
1.65 1.56163899238222
1.66 1.52095112708162
1.67 1.5938096491698
1.68 1.43134923019919
1.69 1.63811652340443
1.7 1.62870459471276
1.71 1.64793154311075
1.72 1.81439377058057
1.73 1.81110891128868
1.74 1.91396784517924
1.75 1.66926994068998
1.76 1.72471611191538
1.77 2.04362972828183
1.78 2.09057079477895
1.79 2.11077713714065
1.8 1.83587334571122
1.81 1.70397902256019
1.82 1.69053710771879
1.83 1.63092299084814
1.84 1.76897210216301
1.85 1.86974140128845
1.86 1.87149320326243
1.87 2.06165458589573
1.88 2.10475607722959
1.89 2.06891413632593
1.9 1.98598810810331
1.91 2.05272412917344
1.92 1.96981721720494
1.93 2.07054597330502
1.94 2.1031453021892
1.95 2.28212546824879
1.96 2.38992125073368
1.97 2.50755970263763
1.98 2.42224389301817
1.99 2.33848739347089
2 2.32713714164343
2.01 2.09478235977045
2.02 1.99275950333204
2.03 2.01720869095451
2.04 2.15735417505921
2.05 2.26788860247967
2.06 2.2710541010564
2.07 1.99586710193435
2.08 2.07706580362419
2.09 2.08028983462418
2.1 2.05841947446017
2.11 2.1901523580716
2.12 2.05108891076284
2.13 2.0002512396863
2.14 2.28247857183665
2.15 2.17726113270881
2.16 2.2120589142882
2.17 2.2981437065414
2.18 2.02408276299695
2.19 1.71014812684288
2.2 1.71206284290453
2.21 1.81849306139238
2.22 1.50149220787005
2.23 1.47807366008223
2.24 1.44061549406441
2.25 1.65121511891347
2.26 1.73108915260983
2.27 1.69624033032372
2.28 1.69086457407869
2.29 1.88344212794182
2.3 1.88521512394419
2.31 1.88713269195527
2.32 1.77121197430979
2.33 1.7856667625355
2.34 1.81326511013286
2.35 1.92508279152764
2.36 1.85091369093241
2.37 1.94558011481277
2.38 1.84661232527971
2.39 1.92344059803489
2.4 1.94864664064553
2.41 1.84143383689215
2.42 1.75602342043026
2.43 1.71382456128061
2.44 1.56740980377343
2.45 1.54841875040312
2.46 1.63888722322301
2.47 1.98421828952778
2.48 1.96255286509101
2.49 2.02907634820954
2.5 2.1260273899713
2.51 1.99685512407327
2.52 2.12835494294566
2.53 2.18360435782041
2.54 1.95982880331335
2.55 1.91308946315476
2.56 1.99272453494137
2.57 1.9242113045283
2.58 1.85121871783963
2.59 1.73488019218331
2.6 1.57493458114731
2.61 1.65839936923352
2.62 1.81505567876108
2.63 1.78761923881359
2.64 1.7108827140236
2.65 1.89773711460069
2.66 1.86636175868468
2.67 1.8633962337553
2.68 1.92070024694162
2.69 1.74794020978398
2.7 1.65272992942237
2.71 1.56461296363317
2.72 1.47116214621583
2.73 1.53641755700186
2.74 1.26913218472154
2.75 1.29583384330403
2.76 1.42345838196527
2.77 1.42098881023436
2.78 1.37961797223735
2.79 1.26350973243739
2.8 1.31408915781412
2.81 1.13740838320978
2.82 1.15355476097864
2.83 1.05848509573729
2.84 1.22182624143208
2.85 1.29108044400848
2.86 1.32877602765942
2.87 1.33729137665502
2.88 1.25582971915472
2.89 1.36220697197872
2.9 1.44680521997877
2.91 1.39082159540555
2.92 1.30271801926772
2.93 1.2779610351813
2.94 1.32038491769206
2.95 1.20481886204588
2.96 1.22293841586096
2.97 0.982913617367228
2.98 0.921322333867668
2.99 0.848638006662214
3 0.89292453016597
3.01 0.943348173330714
3.02 0.944865921426591
3.03 0.90259625957555
3.04 1.01752787956137
3.05 1.00550325036468
3.06 1.00927969607491
3.07 1.12922055384095
3.08 1.16447901026794
3.09 1.1273236169923
3.1 1.3034545506142
3.11 1.19560627868017
3.12 1.18404903044277
3.13 1.32587500346652
3.14 1.52191047092338
3.15 1.78348162207159
3.16 1.73348166268806
3.17 1.65042868609222
3.18 1.46325117843368
3.19 1.73295015159758
3.2 1.62414423283589
3.21 1.66637095217633
3.22 1.73782313316728
3.23 1.8648649946575
3.24 1.92107459524574
3.25 1.60888547488559
3.26 1.72116444040336
3.27 1.77632666978873
3.28 1.82057970764766
3.29 1.71423635282907
3.3 1.83626262416138
3.31 2.02086226122077
3.32 2.07956149087567
3.33 2.11912816291913
3.34 2.23314710848767
3.35 2.28127958628081
3.36 2.32390490815764
3.37 2.07907369731335
3.38 2.29174899998715
3.39 2.35450612361545
3.4 2.41167923636023
3.41 2.72006682036081
3.42 2.65212649781848
3.43 2.7907021721463
3.44 2.86179953851426
3.45 2.82701787667318
3.46 2.78486153357274
3.47 2.5695907185283
3.48 2.64130904143565
3.49 2.20529010370211
3.5 2.3089055645701
3.51 2.34032903193597
3.52 2.31366105008732
3.53 2.0774805533295
3.54 1.91058202624372
3.55 2.04768068953232
3.56 1.98564298718204
3.57 2.02518972216017
3.58 2.01895914827504
3.59 2.07598502312422
3.6 1.93279079574424
3.61 1.87121409222089
3.62 1.61452020091462
3.63 1.64504563016297
3.64 1.61427430821283
3.65 1.61040077835859
3.66 1.6868373877592
3.67 1.72026440522871
3.68 1.93188156959836
3.69 2.01605088905217
3.7 1.96648623743806
3.71 1.93634388092126
3.72 2.16373906072089
3.73 2.22143678108775
3.74 2.29592181520732
3.75 2.38388004795067
3.76 2.24978015522241
3.77 2.41177255560599
3.78 2.09256342165099
3.79 2.19290367308133
3.8 2.51561197632479
3.81 2.42475722154848
3.82 2.39453619003213
3.83 2.43764393983685
3.84 2.3396705828627
3.85 2.40376361762049
3.86 2.36638349513747
3.87 2.49181993447734
3.88 2.8308183376802
3.89 2.61143029864766
3.9 2.52768308179711
3.91 2.63931775672184
3.92 2.70385751531104
3.93 2.70647871857826
3.94 2.6290040202557
3.95 2.65524887654585
3.96 2.68150385263129
3.97 2.76961171491016
3.98 2.80302194940468
3.99 2.77944513013182
4 2.53245683553646
4.01 2.61706471900401
4.02 2.60124090614001
4.03 2.63109396827292
4.04 2.45228797690817
4.05 2.34110948365252
4.06 2.45441777703791
4.07 2.42658541696683
4.08 2.3446010627904
4.09 2.14666958593944
4.1 1.98565677549811
4.11 1.83894106248282
4.12 1.80873058326637
4.13 1.96266049794863
4.14 1.96238470322843
4.15 1.82914164619971
4.16 1.81815616957192
4.17 1.85420402905008
4.18 1.71893907122147
4.19 1.56341176853269
4.2 1.69359605932215
4.21 1.75358265903422
4.22 1.78486904198773
4.23 1.70185023388712
4.24 1.72185453185632
4.25 1.8757836409535
4.26 1.80813160517065
4.27 1.97914772201797
4.28 1.86197815342394
4.29 2.02151360046897
4.3 2.09789439004265
4.31 1.9677778365901
4.32 1.95141606566819
4.33 1.9657444444926
4.34 1.78432586419924
4.35 1.82822201354376
4.36 1.88628384727725
4.37 2.18494717356851
4.38 2.30498066036866
4.39 2.41322609896097
4.4 2.69975639074384
4.41 2.74753777327412
4.42 2.83490725074064
4.43 2.8338316297075
4.44 2.98555211492295
4.45 3.17557783875808
4.46 3.2430779683067
4.47 3.05686521720766
4.48 2.65213897523603
4.49 2.70703639749622
4.5 2.52059565106344
4.51 2.61860071169795
4.52 2.76881005595304
4.53 2.65617014352768
4.54 2.56887474430837
4.55 2.71431536049104
4.56 2.8954583744088
4.57 3.13109493364247
4.58 3.08207404800001
4.59 2.89692531733118
4.6 2.9379593981593
4.61 2.69812093953013
4.62 2.63637524060853
4.63 2.64548962246754
4.64 2.48560820552796
4.65 2.45153394178296
4.66 2.30310879673765
4.67 2.13744834786535
4.68 1.99245388894706
4.69 1.68917771436722
4.7 1.66400625985089
4.71 1.82501473199695
4.72 1.81279706453243
4.73 1.50352998874814
4.74 1.56532546550013
4.75 1.66362132561043
4.76 1.59280663527892
4.77 1.51102503785589
4.78 1.44295350712725
4.79 1.43793147980357
4.8 1.42190279150698
4.81 1.41481769712238
4.82 1.39551693510081
4.83 1.37598185368582
4.84 1.42544702395304
4.85 1.2532871845967
4.86 1.27436807967923
4.87 1.35655404955042
4.88 1.36910574095841
4.89 1.38409864890528
4.9 1.40713255722772
4.91 1.26512878265078
4.92 1.35860772768143
4.93 1.32680311713865
4.94 1.09131874199427
4.95 1.06661959344228
4.96 1.08910504739511
4.97 1.01131880380723
4.98 0.926056702415115
4.99 0.916070244191296
5 0.887085661568903
5.01 0.754441282712681
5.02 0.542622083385516
5.03 0.582901430080528
5.04 0.515460123016803
5.05 0.759437356706931
5.06 0.747642986173584
5.07 0.769228563588681
5.08 0.848384939675827
5.09 0.65196481044733
5.1 0.636571064128441
5.11 0.480754795015353
5.12 0.400331916210938
5.13 0.459875746493464
5.14 0.462123982962586
5.15 0.494942257868306
5.16 0.553984907417999
5.17 0.622983563946702
5.18 0.527730506561199
5.19 0.520989956717604
5.2 0.488801219489837
5.21 0.522789280613921
5.22 0.568359467668837
5.23 0.627413708604137
5.24 0.598259553055741
5.25 0.605495786133388
5.26 0.626893802359452
5.27 0.692890086326446
5.28 0.66072045459334
5.29 0.634238357920189
5.3 0.497172097111356
5.31 0.489259041288518
5.32 0.552763287848388
5.33 0.513578440664595
5.34 0.492719985545588
5.35 0.646191978633092
5.36 0.701612115021025
5.37 0.678435359315893
5.38 0.779293046827271
5.39 0.830388146624813
5.4 0.827185903326072
5.41 1.02240629893497
5.42 1.00320246256905
5.43 1.01306202321215
5.44 1.20521284022237
5.45 1.38116766507183
5.46 1.62333980646159
5.47 1.52890838442427
5.48 1.24080946143028
5.49 1.0539812022271
5.5 1.11190926967459
5.51 1.06110111774371
5.52 1.0570691855861
5.53 1.09529706236162
5.54 1.21550673726985
5.55 1.36755286326392
5.56 1.61162030233868
5.57 1.46745149494266
5.58 1.61008533382842
5.59 1.68991701561569
5.6 1.58859116587614
5.61 1.59692802855065
5.62 1.59919976278119
5.63 1.51345898208455
5.64 1.57215540296943
5.65 1.46575615395293
5.66 1.37857555059635
5.67 1.37042641746001
5.68 1.33309232428602
5.69 1.21129669689178
5.7 1.36308563852314
5.71 1.45713942139616
5.72 1.41274557945012
5.73 1.47218417132409
5.74 1.32098195790157
5.75 1.39003886784363
5.76 1.45406824906468
5.77 1.59859731683881
5.78 1.65273650610448
5.79 1.44730971649128
5.8 1.44950974790391
5.81 1.52689112537023
5.82 1.35478126797704
5.83 1.37976217185903
5.84 1.33986238356657
5.85 1.42112098168436
5.86 1.44091665383306
5.87 1.24739178383824
5.88 1.24754683425622
5.89 1.33460957644217
5.9 1.03602385240805
5.91 0.982031874855342
5.92 0.852110494090734
5.93 0.927516764864557
5.94 0.996918672188109
5.95 1.0999818656676
5.96 1.27537015640508
5.97 1.24705870414384
5.98 1.22248502927281
5.99 1.33565820910975
6 1.28124974134621
6.01 1.09318342757552
6.02 1.11437160749732
6.03 1.06415848735708
6.04 0.995189418978039
6.05 0.981974182828682
6.06 0.851180924911593
6.07 0.859744750791115
6.08 0.825450016568828
6.09 0.913262361208483
6.1 0.916202180999396
6.11 0.873172966787018
6.12 0.895826968340492
6.13 0.76470131926501
6.14 0.847881248164226
6.15 0.855499639694004
6.16 0.931206605427854
6.17 0.926053909348393
6.18 0.935389614673474
6.19 0.974848765984333
6.2 0.88736875360179
6.21 1.02500719158734
6.22 1.04556354214831
6.23 1.03936948281116
6.24 0.973742454397301
6.25 1.04483450278681
6.26 1.0377931220571
6.27 1.05090607607401
6.28 1.05395578742773
6.29 1.0823313506079
6.3 1.1771452929644
6.31 1.06224220807032
6.32 1.03960273558603
6.33 1.22048781175734
6.34 1.37968138364138
6.35 1.33306448878684
6.36 1.25893931538224
6.37 1.31199188540793
6.38 1.33700795414617
6.39 1.31884836166052
6.4 1.17205801056307
6.41 1.34727492630476
6.42 1.45702312548924
6.43 1.58330892069016
6.44 1.53225427348412
6.45 1.40122638068881
6.46 1.555304345604
6.47 1.53035084420437
6.48 1.63967561755201
6.49 1.74714661090857
6.5 1.75885666137705
6.51 1.64269762916838
6.52 1.47774982957593
6.53 1.75466061605931
6.54 1.75383313453488
6.55 1.78481083762094
6.56 1.53498019303884
6.57 1.3877530999925
6.58 1.53476614411433
6.59 1.36099961614917
6.6 1.57729386538971
6.61 1.39963776337099
6.62 1.45999295638529
6.63 1.3058016332522
6.64 1.51724667903704
6.65 1.33398429027525
6.66 1.31293078323118
6.67 1.20144145488395
6.68 1.23366984073667
6.69 1.26184696850722
6.7 1.22379424452478
6.71 1.17903554652729
6.72 1.02208648621556
6.73 1.11926550525097
6.74 1.18300808866689
6.75 1.14109175169398
6.76 0.946648897046744
6.77 1.07906098911875
6.78 1.12456668132753
6.79 1.14079677513645
6.8 1.14259067525354
6.81 1.06889368451147
6.82 1.18565787052301
6.83 1.42001535081733
6.84 1.28604287034617
6.85 1.15812907853071
6.86 1.29673281074154
6.87 0.977385952685013
6.88 1.01135512059416
6.89 0.988760027312508
6.9 0.969107292565033
6.91 1.13020383914827
6.92 0.930140383039826
6.93 0.90671946402034
6.94 0.777126073450842
6.95 0.907290444201853
6.96 0.704577796250883
6.97 0.659077226742544
6.98 0.681682265411115
6.99 0.775674057057332
7 0.82735080962425
7.01 1.03861251035574
7.02 1.24418061558836
7.03 1.23528287481764
7.04 1.28206575401334
7.05 1.13167107177874
7.06 1.12660761085746
7.07 1.22344352714469
7.08 1.18129809313456
7.09 1.23026096073391
7.1 1.20563773620873
7.11 1.20299421235045
7.12 1.1425038872262
7.13 1.08598716841325
7.14 1.07627867074798
7.15 1.12074128769881
7.16 1.22518236992023
7.17 1.09417950401405
7.18 1.269064306789
7.19 1.40348564191956
7.2 1.39620014062785
7.21 1.3577888443808
7.22 1.4675456316126
7.23 1.43383155131045
7.24 1.32151912174181
7.25 1.24574580574445
7.26 1.06180841753367
7.27 0.839697482973367
7.28 1.03489118641196
7.29 1.06191571985074
7.3 1.0077653232483
7.31 1.00610812826675
7.32 0.990875631785068
7.33 0.999749665838997
7.34 1.07763267046701
7.35 1.11700140846936
7.36 1.15260600039425
7.37 0.947142926663131
7.38 0.942057771513025
7.39 0.896892491774483
7.4 0.958035418766025
7.41 0.864418160069216
7.42 0.790946141866115
7.43 0.74892957933141
7.44 0.715224985072571
7.45 0.662680061504646
7.46 0.779653066540365
7.47 1.05502365322377
7.48 1.24971547509982
7.49 1.20302534378726
7.5 1.13664410033598
7.51 1.18450808901565
7.52 1.19324279706783
7.53 1.26515646330388
7.54 1.17828380651569
7.55 1.28782344885182
7.56 1.20589396148701
7.57 1.06358868867237
7.58 1.05342110234972
7.59 1.24250372937888
7.6 1.13645508005675
7.61 1.02520244224565
7.62 0.891346579496458
7.63 0.88448315631552
7.64 0.958421478269898
7.65 0.943178575099001
7.66 1.02758895711136
7.67 1.12557825401172
7.68 1.18947743128226
7.69 1.45990449610981
7.7 1.59489207228663
7.71 1.82571888148004
7.72 1.78536312742179
7.73 1.7170102347188
7.74 1.61592078639496
7.75 1.67191435159728
7.76 1.77305958101867
7.77 1.88861370297039
7.78 2.00934240045254
7.79 1.91985770825713
7.8 2.00594600816707
7.81 2.02702073525723
7.82 1.87363138417283
7.83 1.91596540215948
7.84 1.97177817906501
7.85 1.97113519233102
7.86 2.10249703674616
7.87 2.03726683868974
7.88 2.16050761128832
7.89 2.27310457955168
7.9 2.4251116219316
7.91 2.5088513190863
7.92 2.65805406150233
7.93 2.7834149202432
7.94 2.66090665692346
7.95 2.7153749478492
7.96 2.73767161929824
7.97 2.51245834632616
7.98 2.53277123507231
7.99 2.59774739899814
8 2.92298036791626
8.01 2.76398617808119
8.02 2.70490526593892
8.03 2.76400373130979
8.04 2.85730866194162
8.05 2.92125374067304
8.06 3.08603094319774
8.07 3.26706860399159
8.08 2.95119858130784
8.09 3.12517133536498
8.1 3.20829631058468
8.11 3.05356185847098
8.12 3.0771411578605
8.13 2.9972543375724
8.14 3.14141191087386
8.15 3.00295710130857
8.16 3.10129420704286
8.17 3.09408640564644
8.18 3.16696507069189
8.19 3.30111454432692
8.2 3.30326935673676
8.21 3.45111487208788
8.22 3.30331126179391
8.23 3.12716960974475
8.24 3.5240070903711
8.25 3.4925978479686
8.26 3.58922741269242
8.27 3.4310250933528
8.28 3.32567648829468
8.29 3.17128379679255
8.3 3.1006006134638
8.31 3.23752857407201
8.32 3.10004338809591
8.33 3.06563847068193
8.34 3.19357700733018
8.35 3.28191324732051
8.36 2.89885915982514
8.37 2.98740620928862
8.38 2.63150383260066
8.39 2.69262814383759
8.4 2.96757773876031
8.41 3.10085617844731
8.42 2.8855887203896
8.43 2.81532438297831
8.44 2.93707307767586
8.45 2.50475963707287
8.46 2.5304575682601
8.47 2.16936746348576
8.48 2.16152796686757
8.49 2.0655386234975
8.5 2.09470407579979
8.51 2.12193763530243
8.52 2.24028446995213
8.53 2.14830025711098
8.54 2.09447635602185
8.55 2.41990238340099
8.56 2.53094028258795
8.57 2.38442334315709
8.58 2.46539157986119
8.59 2.45170860013252
8.6 2.51649319619756
8.61 2.33693910115612
8.62 2.00893424178764
8.63 1.83107073344712
8.64 1.7521414858496
8.65 1.59160525203844
8.66 1.80106894457381
8.67 1.73918265278599
8.68 1.72149797449227
8.69 1.62385165701649
8.7 1.52797823999915
8.71 1.54812156965214
8.72 1.59492001980651
8.73 1.72330752969913
8.74 1.62054821332014
8.75 1.7255663308213
8.76 1.53592613023551
8.77 1.56898987464156
8.78 1.5871060386981
8.79 1.56059879674156
8.8 1.61914006995104
8.81 1.72748181322429
8.82 1.7359620794068
8.83 1.85265426236743
8.84 1.91429212243483
8.85 1.8283935487116
8.86 1.92454895300571
8.87 2.01846117660945
8.88 1.92450312807041
8.89 2.0021425074031
8.9 1.72662079928427
8.91 1.73773050124109
8.92 1.76203081487786
8.93 1.77033709462084
8.94 1.4949675425272
8.95 1.44433085597237
8.96 1.32004730023249
8.97 1.1868907373779
8.98 1.18667880681534
8.99 1.22878957888311
9 1.16650807459465
9.01 1.08007408128185
9.02 0.813215762180333
9.03 0.821648668302809
9.04 0.891437889144527
9.05 0.880414765385812
9.06 0.835833878170159
9.07 0.920560509729983
9.08 0.743618667316169
9.09 0.719437394880696
9.1 0.695621106229476
9.11 0.700629159267775
9.12 0.802682694403815
9.13 0.755126121095997
9.14 0.809456462705681
9.15 0.87262857618936
9.16 0.875019626851405
9.17 0.856924137446749
9.18 0.926750297918879
9.19 0.925006627641088
9.2 0.752952206437364
9.21 0.597877018369195
9.22 0.581968730003726
9.23 0.581516351435396
9.24 0.661338720449481
9.25 0.585969064486926
9.26 0.619253007304815
9.27 0.639862120335688
9.28 0.565991323111705
9.29 0.682794293061529
9.3 0.658184044389266
9.31 0.523632739034694
9.32 0.422191627828002
9.33 0.41391218219062
9.34 0.493874307430318
9.35 0.543454158173871
9.36 0.527576530189975
9.37 0.405673631497178
9.38 0.346742704342758
9.39 0.335051515937539
9.4 0.311948491842595
9.41 0.277416378087422
9.42 0.294713652368992
9.43 0.238413850768465
9.44 0.166629075867467
9.45 0.135085620227488
9.46 0.118425183922652
9.47 0.141274567844885
9.48 0.107712118463779
9.49 0.0653402407561881
9.5 0.0806851923213905
9.51 0.0335293467506003
9.52 0.0611028257434136
9.53 0.0624347230214815
9.54 0.0661430053182094
9.55 0.08634318599823
9.56 0.0897931643058564
9.57 0.0907740740210243
9.58 0.0918839540621393
9.59 0.0841906082938931
9.6 0.0806773513280643
9.61 0.099104260330645
9.62 0.0834906417748057
9.63 0.107710822162764
9.64 0.178592025566215
9.65 0.253711448010353
9.66 0.254534210942806
9.67 0.182372718040207
9.68 0.157677541316081
9.69 0.122846090110758
9.7 0.105767629844445
9.71 0.144049646134411
9.72 0.13934780021149
9.73 0.169976006811421
9.74 0.171770099516744
9.75 0.213120398564366
9.76 0.271150282703033
9.77 0.321916738213129
9.78 0.311854102627279
9.79 0.422286978487379
9.8 0.512434424326447
9.81 0.478995100219624
9.82 0.423001045657454
9.83 0.549809887712335
9.84 0.534247610820986
9.85 0.581710942584376
9.86 0.541881649838959
9.87 0.522979312943493
9.88 0.50504006736478
9.89 0.463132994044717
9.9 0.385260898711245
9.91 0.398186523022501
9.92 0.389413076782163
9.93 0.405624773082391
9.94 0.357057138844446
9.95 0.290968219577592
9.96 0.294405541467744
9.97 0.380488231586054
9.98 0.297677494927839
9.99 0.276737176573006
10 0.296804771014194
10.01 0.395227216367313
10.02 0.4062712474831
10.03 0.357620351077058
10.04 0.31747220110426
10.05 0.302833760547707
10.06 0.205393160731982
10.07 0.21008654828
10.08 0.170735798930681
10.09 0.206741704550461
10.1 0.198246945887698
10.11 0.193828380260543
10.12 0.173454161147536
10.13 0.160240622768433
10.14 0.113614643070978
10.15 0.156535071018905
10.16 0.182920395425378
10.17 0.202847601646992
10.18 0.153539421939284
10.19 0.200153487580657
10.2 0.265452468817366
10.21 0.271464730596796
10.22 0.188302416940929
10.23 0.155404594558435
10.24 0.145672571754952
10.25 0.175572849524713
10.26 0.192506288390433
10.27 0.218154092543514
10.28 0.223571361776123
10.29 0.270341783244138
10.3 0.190388249161431
10.31 0.158198452468251
10.32 0.140467006731263
10.33 0.211087781622306
10.34 0.165501005102044
10.35 0.138080873191269
10.36 0.155046512816217
10.37 0.219431546368274
10.38 0.250702119750417
10.39 0.272456563078685
10.4 0.242119885050734
10.41 0.293809655588862
10.42 0.223225778475844
10.43 0.249230427973034
10.44 0.20129095488485
10.45 0.205890548825996
10.46 0.150886207942274
10.47 0.170048343357047
10.48 0.200876081713005
10.49 0.184705530975455
10.5 0.113715662477875
10.51 0.0959285770557369
10.52 0.0710834426200199
10.53 0.0927354654934512
10.54 0.102318661541362
10.55 0.134125301247461
10.56 0.1564342325509
10.57 0.139896163107347
10.58 0.135585988289515
10.59 0.135625816414412
10.6 0.0557839769655936
10.61 0.0453624979717459
10.62 0.0437148731434847
10.63 0.0734472701631431
10.64 0.114385588756512
10.65 0.124510885079894
10.66 0.0958819040797528
10.67 0.0986310723551098
10.68 0.0994629002349123
10.69 0.0610483521350924
10.7 0.0409971801624518
10.71 0.100337457376695
10.72 0.0643095271639359
10.73 0.0439790028531098
10.74 0.0663888543324435
10.75 0.0887129259391224
10.76 0.0968249103211675
10.77 0.139082714318479
10.78 0.107251825966074
10.79 0.134707418931552
10.8 0.133227119214017
10.81 0.111756234346937
10.82 0.137026725794706
10.83 0.111358916388868
10.84 0.173723191811442
10.85 0.146103923881515
10.86 0.140671672600746
10.87 0.149027469445501
10.88 0.0656390033902534
10.89 0.113946179591866
10.9 0.101881354548819
10.91 0.0954128907692791
10.92 0.0758505969526097
10.93 0.0772174173213345
10.94 0.130566935760538
10.95 0.163076820175089
10.96 0.220159703109132
10.97 0.226793070002363
10.98 0.191446160368253
10.99 0.179979106257238
11 0.193485940607561
11.01 0.252052217951637
11.02 0.282375570121924
11.03 0.3969960686181
11.04 0.35921877379641
11.05 0.461760028137668
11.06 0.558994897701949
11.07 0.59626568014098
11.08 0.721660887242231
11.09 0.576523725727039
11.1 0.468078491991783
11.11 0.435410771293577
11.12 0.351408216556583
11.13 0.352994245315011
11.14 0.338180306113858
11.15 0.26983205822011
11.16 0.327348445292656
11.17 0.310018840249542
11.18 0.360249131713915
11.19 0.401295001330853
11.2 0.382150585423761
11.21 0.292048861198551
11.22 0.269491561509275
11.23 0.288075181764911
11.24 0.34421015772871
11.25 0.441835610614082
11.26 0.53171080720382
11.27 0.591841039939683
11.28 0.646634173992088
11.29 0.702757472911734
11.3 0.836168374800335
11.31 0.875902523045561
11.32 0.879769005521589
11.33 0.659049169839784
11.34 0.706787576475725
11.35 0.702399067788924
11.36 0.736291649871328
11.37 0.615328319941662
11.38 0.693565718142546
11.39 0.561509885723245
11.4 0.459335623309464
11.41 0.315668645538101
11.42 0.328256395077406
11.43 0.237520502424373
11.44 0.326416019500248
11.45 0.370364060443697
11.46 0.469970068589322
11.47 0.474783351866052
11.48 0.484475522733692
11.49 0.588832202783415
11.5 0.677044090755787
11.51 0.670084130435663
11.52 0.624081140739258
11.53 0.541246613568237
11.54 0.522932188639956
11.55 0.540367869693622
11.56 0.583983878734698
11.57 0.657410900436163
11.58 0.664627576239819
11.59 0.683046650485828
11.6 0.644478654632716
11.61 0.735597226747679
11.62 0.722331634704492
11.63 0.685042157567743
11.64 0.740593507027615
11.65 0.719769156033587
11.66 0.789835281750763
11.67 0.885402564699455
11.68 0.93054690264624
11.69 1.08343961506985
11.7 1.20673888615978
11.71 1.28022842884648
11.72 1.21626266277668
11.73 1.29051630954893
11.74 1.03836618999655
11.75 0.940764880501084
11.76 0.927760391465769
11.77 0.963846819808623
11.78 0.969692256038467
11.79 1.15255304796873
11.8 1.28345122253245
11.81 1.10689203039267
11.82 1.11323566965517
11.83 1.17801056485294
11.84 1.15192028232235
11.85 1.18809136430251
11.86 1.19953068813703
11.87 1.00000420266135
11.88 1.10015391118675
11.89 1.22493640811366
11.9 1.06486134358397
11.91 0.945109936929341
11.92 0.964701597473527
11.93 1.01308703325251
11.94 1.00992144243374
11.95 1.02612055105435
11.96 1.03664748899615
11.97 0.916447088329778
11.98 1.00673670798237
11.99 1.04900870134397
12 0.996998842581146
12.01 0.970280911332601
12.02 1.06290363162157
12.03 1.06578233159242
12.04 1.09022743529721
12.05 1.20874220500391
12.06 1.29762211829088
12.07 1.33429432522235
12.08 1.28691800922684
12.09 1.43847587424784
12.1 1.32788235633799
12.11 1.36942763023513
12.12 1.41393553633066
12.13 1.49421129709581
12.14 1.32849038421872
12.15 1.14805827674132
12.16 1.07736014683184
12.17 0.976045315850128
12.18 0.872975442303289
12.19 0.861907011282442
12.2 0.87616699709212
12.21 0.726721535216431
12.22 0.812399859506852
12.23 0.908815074163456
12.24 0.898682790410121
12.25 0.986045195599064
12.26 1.19092420044092
12.27 1.27376146488991
12.28 1.24996600886355
12.29 1.19045873680328
12.3 1.26646574700779
12.31 1.14729531970808
12.32 1.34878319261165
12.33 1.35189114334945
12.34 1.15062737446604
12.35 1.14216622137356
12.36 1.23619837669594
12.37 1.20740956995
12.38 1.10822375271309
12.39 1.0789165297314
12.4 0.930094778279257
12.41 0.958060662509217
12.42 0.942919043098876
12.43 0.929793954496614
12.44 0.967739394640679
12.45 0.921447130324449
12.46 1.03568584948616
12.47 0.949193775421177
12.48 0.92718691711049
12.49 0.779437447467306
12.5 0.770527329254718
12.51 0.851081037526236
12.52 0.917950396284795
12.53 1.04959761931385
12.54 1.06415574589981
12.55 1.06706040319767
12.56 1.2059363668396
12.57 1.16381815216671
12.58 1.07361383658553
12.59 1.02651427834216
12.6 1.13968943323418
12.61 1.16063480914577
12.62 1.22191093001622
12.63 1.143852241383
12.64 1.03348512222206
12.65 0.91779070844151
12.66 0.874711767517908
12.67 0.957086902302289
12.68 1.02668731402653
12.69 1.04872868534056
12.7 1.08072809518326
12.71 0.839916003414357
12.72 0.771486961603222
12.73 0.751179753767598
12.74 0.855224002844205
12.75 0.796990020893148
12.76 0.639168968740741
12.77 0.556450538766833
12.78 0.614180779694805
12.79 0.475959061062593
12.8 0.55351241849387
12.81 0.573059033564953
12.82 0.598616329469735
12.83 0.682480803694351
12.84 0.875158799994998
12.85 0.87086381522522
12.86 0.910547186326551
12.87 0.789373152239668
12.88 0.753586149671785
12.89 0.82983453294389
12.9 0.667290240804484
12.91 0.5914165738599
12.92 0.722445571299372
12.93 0.781825321859177
12.94 0.815937145699671
12.95 0.773715280294612
12.96 0.901620183333902
12.97 0.816741862973689
12.98 0.629359448081905
12.99 0.706184654645374
13 0.55374055805224
13.01 0.434684245074114
13.02 0.422116809697702
13.03 0.374071874279382
13.04 0.338370088059059
13.05 0.32918707533373
13.06 0.407258619885109
13.07 0.40220817398456
13.08 0.246688967528097
13.09 0.335708425128784
13.1 0.398567199154467
13.11 0.405863581780927
13.12 0.242891226711841
13.13 0.305552542458776
13.14 0.267220701419454
13.15 0.362662470544005
13.16 0.420215408052895
13.17 0.461234548746674
13.18 0.470427809104719
13.19 0.584369914180175
13.2 0.478551104016174
13.21 0.439511530169163
13.22 0.450868589249982
13.23 0.487704756393095
13.24 0.521966919277779
13.25 0.570665991295446
13.26 0.59612706989057
13.27 0.509347043876157
13.28 0.421885995698746
13.29 0.406964049810645
13.3 0.466854822211575
13.31 0.476220402988063
13.32 0.500784308123612
13.33 0.446574154817155
13.34 0.495781553816457
13.35 0.437274243314028
13.36 0.308495513146917
13.37 0.389998216917508
13.38 0.38987793710318
13.39 0.313524006572413
13.4 0.347827236321117
13.41 0.346268521080007
13.42 0.349610479299053
13.43 0.317993710793037
13.44 0.325963675542258
13.45 0.317263116973026
13.46 0.297491467915874
13.47 0.187921800298582
13.48 0.200261705882407
13.49 0.191283903807927
13.5 0.218360932233457
13.51 0.220772433857853
13.52 0.167530728206646
13.53 0.11661232378651
13.54 0.129471518561136
13.55 0.112512298972195
13.56 0.0707241924267379
13.57 0.0722646768273311
13.58 0.0575989799808085
13.59 0.0505716937009147
13.6 0.0586282577831173
13.61 0.0615126715198095
13.62 0.0118082339862458
13.63 0.0331138913958566
13.64 0.0662757230534894
13.65 0.107490538655749
13.66 0.0540684052449188
13.67 0.0532343387894475
13.68 0.0912488688331455
13.69 0.0992903390990455
13.7 0.135729030811794
13.71 0.0943280662205548
13.72 0.109988398554074
13.73 0.133782000817213
13.74 0.186498842309536
13.75 0.244823051210783
13.76 0.261818216362449
13.77 0.240586821142384
13.78 0.190081539091551
13.79 0.193255579797529
13.8 0.246569581206938
13.81 0.219961105312717
13.82 0.211372270860763
13.83 0.21247002321593
13.84 0.240029213403617
13.85 0.174778137062942
13.86 0.206384667104754
13.87 0.203624895030472
13.88 0.221326489223354
13.89 0.225738030355132
13.9 0.15502989661002
13.91 0.134606600448656
13.92 0.14319132883302
13.93 0.178262718686288
13.94 0.219659029395699
13.95 0.179436554530293
13.96 0.171795560031323
13.97 0.149254672795965
13.98 0.131695788637646
13.99 0.11583467622016
14 0.0915390699838436
14.01 0.0774916709184175
14.02 0.113974950947485
14.03 0.162463997668424
14.04 0.226247793519477
14.05 0.291194181031125
14.06 0.299736492042329
14.07 0.34567934527823
14.08 0.346845654904057
14.09 0.346494795961297
14.1 0.286761623686272
14.11 0.354934269001553
14.12 0.334010110844178
14.13 0.287461446733894
14.14 0.278291452478425
14.15 0.299629828223384
14.16 0.237829428625948
14.17 0.32118713626258
14.18 0.514375251985165
14.19 0.621840353554843
14.2 0.736252856223524
14.21 0.740667787554566
14.22 0.848436680552558
14.23 0.796794938742423
14.24 0.872506773968825
14.25 0.909541795140817
14.26 0.79489023733171
14.27 0.896466555334946
14.28 0.82005094719635
14.29 0.781564960961622
14.3 0.858422574791576
14.31 0.947973555381444
14.32 0.864527037256785
14.33 0.922809493552907
14.34 0.91349281486638
14.35 0.842315687998845
14.36 0.589531135276301
14.37 0.586061889814157
14.38 0.524171238444279
14.39 0.529792126138067
14.4 0.551082497563897
14.41 0.611609251911504
14.42 0.631933581297297
14.43 0.583658406538984
14.44 0.607062611538418
14.45 0.578606910823395
14.46 0.56821433025588
14.47 0.582537328995356
14.48 0.605371585087511
14.49 0.710844850659776
14.5 0.634422436456921
14.51 0.744563185324085
14.52 0.905536565866029
14.53 0.839494989201037
14.54 0.796231779801167
14.55 0.721330268922345
14.56 0.781749452752064
14.57 0.662915583963395
14.58 0.756493779667424
14.59 0.693551571527869
14.6 0.624923641562288
14.61 0.672153421081918
14.62 0.634652727517826
14.63 0.661481884268809
14.64 0.806598894551114
14.65 0.823899366250703
14.66 0.976902324872819
14.67 1.00485883870628
14.68 1.13839311173081
14.69 1.2232404507273
14.7 1.26463318936196
14.71 1.12743349528093
14.72 1.0168680862869
14.73 0.717207088939148
14.74 0.732631191144617
14.75 0.710555268606405
14.76 0.748640948355671
14.77 0.744409893978394
14.78 0.805630968423257
14.79 0.821126932681261
14.8 0.74696666674494
14.81 0.907906787553694
14.82 0.793555624369495
14.83 0.82923968592304
14.84 0.732663901742164
14.85 0.736466424035301
14.86 0.730840610421726
14.87 0.690781665046688
14.88 0.786968794355517
14.89 0.72496017945356
14.9 0.728527133690945
14.91 0.677589471532833
14.92 0.63928989910566
14.93 0.636022572899373
14.94 0.623450196627537
14.95 0.868015448653328
14.96 0.77741909186279
14.97 0.883099067975746
14.98 0.914268105311524
14.99 0.864703536778464
15 0.892452667216688
15.01 0.877031597813346
15.02 0.81545805515685
15.03 0.863125398115593
15.04 0.980386457085003
15.05 0.856985255691274
15.06 0.679311729039244
15.07 0.619560781034615
15.08 0.735694443879402
15.09 0.715750398838096
15.1 0.768180291599456
15.11 0.860013181839463
15.12 1.02349225508133
15.13 1.12659049835388
15.14 1.13238679018031
15.15 1.09810239939152
15.16 0.87366889882717
15.17 0.844799182769342
15.18 0.89279938502056
15.19 0.796779483351302
15.2 0.902434624146106
15.21 0.96788235269456
15.22 0.911644238874606
15.23 0.916814296063777
15.24 0.949236427934941
15.25 0.918885590425269
15.26 0.972563617922182
15.27 0.919565690376371
15.28 0.932684514239057
15.29 1.1048667340243
15.3 1.01216718517899
15.31 0.937081056053536
15.32 1.04963166413888
15.33 1.0618493422628
15.34 1.15411069634201
15.35 1.16041818085081
15.36 1.10745694325471
15.37 1.1986048464404
15.38 1.18556276465285
15.39 0.974565322671391
15.4 1.11332087344337
15.41 0.894111741692494
15.42 0.864142729069179
15.43 0.721518181218974
15.44 0.74439339513899
15.45 0.731720269159888
15.46 0.810379569061477
15.47 0.618185658711877
15.48 0.67506789959984
15.49 0.782373957697326
15.5 0.816316645323211
15.51 0.912121184961823
15.52 0.967185806979056
15.53 0.895310159440876
15.54 0.759920230121265
15.55 0.667619014891584
15.56 0.588801378142946
15.57 0.559993311029129
15.58 0.565743241880654
15.59 0.519884518908706
15.6 0.594497131168182
15.61 0.705807403989299
15.62 0.692438463781996
15.63 0.654809852811918
15.64 0.615855174091079
15.65 0.577633717987457
15.66 0.495526806441645
15.67 0.421879296922568
15.68 0.346579601626012
15.69 0.299289257878864
15.7 0.346406711479893
15.71 0.457043849517128
15.72 0.463784754912392
15.73 0.46770813492087
15.74 0.458942630109189
15.75 0.394607273035261
15.76 0.293923805198841
15.77 0.264545578735157
15.78 0.365765333986611
15.79 0.279778206570742
15.8 0.31932470081324
15.81 0.310803500956472
15.82 0.243320350576039
15.83 0.36658255019235
15.84 0.447650968095105
15.85 0.555211086005373
15.86 0.602958837725911
15.87 0.42358881606106
15.88 0.424351638863201
15.89 0.520032242314079
15.9 0.524935213921142
15.91 0.501397643830982
15.92 0.536960862089255
15.93 0.587754166363177
15.94 0.469949247509323
15.95 0.51554834710474
15.96 0.541636519753038
15.97 0.48582525122681
15.98 0.515320659468207
15.99 0.421264274805998
16 0.370989237779066
16.01 0.422838766561553
16.02 0.513607791502474
16.03 0.476344063964536
16.04 0.403343621522751
16.05 0.359670995435936
16.06 0.431036481516765
16.07 0.466919366373804
16.08 0.43877714598979
16.09 0.449390923052841
16.1 0.583756082094504
16.11 0.597673787247277
16.12 0.688586761787158
16.13 0.793490425852885
16.14 0.887428635002067
16.15 0.894954185449731
16.16 0.801690220272964
16.17 0.699105467167863
16.18 0.651687686487461
16.19 0.713970888091641
16.2 0.664737283588053
16.21 0.646695338615327
16.22 0.548403773118778
16.23 0.486067055458816
16.24 0.501391665863398
16.25 0.601150260293674
16.26 0.656844042495499
16.27 0.60886164635859
16.28 0.70709212223432
16.29 0.788447182345456
16.3 0.849614478417623
16.31 0.834264080111842
16.32 0.781903447293251
16.33 0.712798357660003
16.34 0.697951028256383
16.35 0.671518535118324
16.36 0.683966184183554
16.37 0.6776915475668
16.38 0.689247621692074
16.39 0.709610972035446
16.4 0.731064896853826
16.41 0.645534834077131
16.42 0.622490615292563
16.43 0.601200417037526
16.44 0.635296404356228
16.45 0.577125746122019
16.46 0.568189372510447
16.47 0.776040788585239
16.48 0.941399056260463
16.49 1.01951029614916
16.5 1.01841272709111
16.51 1.00676896751471
16.52 0.828117860275813
16.53 0.815421900111011
16.54 0.917751420298354
16.55 1.10236383401895
16.56 0.931946020325925
16.57 0.968516184326374
16.58 0.877951965942316
16.59 0.663279955616015
16.6 0.644116922726202
16.61 0.604554688705297
16.62 0.603259488968563
16.63 0.478887101538629
16.64 0.58050295242577
16.65 0.558877943201911
16.66 0.557657920613879
16.67 0.509597792178596
16.68 0.610240657363622
16.69 0.595612449776361
16.7 0.624192341586783
16.71 0.594579562780189
16.72 0.501017838797545
16.73 0.50000057187514
16.74 0.540173141092895
16.75 0.667857331000177
16.76 0.742981872668823
16.77 0.722692615786352
16.78 0.69410140852677
16.79 0.701110800109051
16.8 0.627206013730927
16.81 0.571676636833719
16.82 0.694430061093154
16.83 0.641080237372463
16.84 0.51332702503124
16.85 0.479227187254552
16.86 0.539852337327558
16.87 0.493416218957404
16.88 0.412906385292117
16.89 0.388406426409699
16.9 0.470402042975675
16.91 0.559747638260781
16.92 0.524311417163374
16.93 0.413136387109037
16.94 0.238357989610105
16.95 0.252004472382526
16.96 0.251652509485244
16.97 0.285231388661964
16.98 0.244574312019298
16.99 0.318612482793604
17 0.305901518872009
17.01 0.311211812934048
17.02 0.391091144864965
17.03 0.520872926481825
17.04 0.358741083591531
17.05 0.372936910265091
17.06 0.226164437715837
17.07 0.201974394375177
17.08 0.198955195197299
17.09 0.170535681318937
17.1 0.199126120308974
17.11 0.202123884456566
17.12 0.220282498540281
17.13 0.20022403122237
17.14 0.210088027528462
17.15 0.172423106088855
17.16 0.129896085095352
17.17 0.187783708584136
17.18 0.172735163172137
17.19 0.204597219757326
17.2 0.291026004133332
17.21 0.246493961331573
17.22 0.280673935293898
17.23 0.3262789890286
17.24 0.336508473856906
17.25 0.343402259144933
17.26 0.378596228000333
17.27 0.41973237830664
17.28 0.421058173953924
17.29 0.422770374244032
17.3 0.473761151764147
17.31 0.364213913750362
17.32 0.419455212038475
17.33 0.450223218076806
17.34 0.409291372551806
17.35 0.386829723942332
17.36 0.479110965864225
17.37 0.541275334239787
17.38 0.589521336699447
17.39 0.561277041751995
17.4 0.564444837982352
17.41 0.651353509660988
17.42 0.758229127596146
17.43 0.671615567485494
17.44 0.579689376971071
17.45 0.451594679396771
17.46 0.488252071948715
17.47 0.495508001630336
17.48 0.536939459402479
17.49 0.573221548633073
17.5 0.586405921237971
17.51 0.696739111269684
17.52 0.80918567320564
17.53 0.788978813731015
17.54 0.828816108893088
17.55 0.846782220280021
17.56 0.858354838294305
17.57 0.827793375731462
17.58 0.728325424359043
17.59 0.779231870554469
17.6 0.799788854253405
17.61 0.773590175243691
17.62 0.919267395328666
17.63 0.86216532965265
17.64 0.864292596508355
17.65 0.86901782725121
17.66 0.850038394393734
17.67 0.928814124681197
17.68 1.10951519175552
17.69 0.966412525410186
17.7 1.15714356630985
17.71 1.25344561944473
17.72 1.04150516001566
17.73 1.05577312974989
17.74 1.02368668372802
17.75 1.17355482098827
17.76 1.06580357081438
17.77 0.975911800246371
17.78 0.890728581692766
17.79 1.0212082124512
17.8 1.03996287906493
17.81 0.756649312131568
17.82 0.760645299230173
17.83 0.626764283502476
17.84 0.682349499963325
17.85 0.879664615346526
17.86 0.828328196223983
17.87 0.839327235486109
17.88 0.85883183128586
17.89 0.884120177286774
17.9 0.840254775783148
17.91 0.854027388647184
17.92 0.806578468619114
17.93 0.848263473591353
17.94 0.913280255992373
17.95 0.841126236258759
17.96 0.850727565813448
17.97 0.982244883696547
17.98 0.869330843608368
17.99 0.71706373900821
18 0.455173997431894
18.01 0.540719273393296
18.02 0.519081608528004
18.03 0.611229323406793
18.04 0.560863003851414
18.05 0.666810894108887
18.06 0.744103438127536
18.07 0.665439611091981
18.08 0.616693023906607
18.09 0.658494276717616
18.1 0.723479953766917
18.11 0.762521325586447
18.12 0.7964239586089
18.13 0.843536736714434
18.14 0.905990154048652
18.15 0.792102408889623
18.16 0.792465107449207
18.17 0.755830996041478
18.18 0.848178765797345
18.19 0.866782800778881
18.2 0.777365945995999
18.21 0.939539247353373
18.22 0.820169458937792
18.23 0.734531449827014
18.24 0.665891734751706
18.25 0.894536439424414
18.26 0.920510823975099
18.27 0.859991997920735
18.28 0.849389625475881
18.29 0.835816089683561
18.3 0.809564401546645
18.31 0.782551993639838
18.32 0.708856457305233
18.33 0.676324846088049
18.34 0.590146155492879
18.35 0.681519314385038
18.36 0.685977814821879
18.37 0.620855205983222
18.38 0.693723946161276
18.39 0.667112722634104
18.4 0.773988286232992
18.41 0.787581675412702
18.42 0.761616973563521
18.43 0.632037607034589
18.44 0.768260564947199
18.45 0.627952596148266
18.46 0.634232621887286
18.47 0.613308446858979
18.48 0.488190108003814
18.49 0.435684035122625
18.5 0.426029282093707
18.51 0.339782987185479
18.52 0.317854563064129
18.53 0.35975161682773
18.54 0.33935862842632
18.55 0.327578428703009
18.56 0.290154381357872
18.57 0.261665200445872
18.58 0.277244042785924
18.59 0.244569636554839
18.6 0.320666229166629
18.61 0.343204693900489
18.62 0.277443302056831
18.63 0.303822907713239
18.64 0.370693041576644
18.65 0.27193782390692
18.66 0.275032991632752
18.67 0.29464113829373
18.68 0.334209868768991
18.69 0.449577488316046
18.7 0.480590042523427
18.71 0.613013965085615
18.72 0.552423840264622
18.73 0.456511747293537
18.74 0.401876856559279
18.75 0.397700983945679
18.76 0.399179806936822
18.77 0.361069416498166
18.78 0.408026883430551
18.79 0.477512426196735
18.8 0.471697542998342
18.81 0.418838926931168
18.82 0.226078176242843
18.83 0.219206300552144
18.84 0.187310628679185
18.85 0.238035162323925
18.86 0.281947847697739
18.87 0.290575105490975
18.88 0.271429103084877
18.89 0.286198396586097
18.9 0.307302899604732
18.91 0.244936773978699
18.92 0.1756489107904
18.93 0.157722612366432
18.94 0.190876370814552
18.95 0.202118133999569
18.96 0.222285347085586
18.97 0.288960214467674
18.98 0.244908577551093
18.99 0.298704274612475
19 0.371547341962911
19.01 0.411162849115564
19.02 0.448555707301476
19.03 0.457744425689648
19.04 0.528096195352542
19.05 0.545575127543355
19.06 0.638079512046044
19.07 0.527640170870622
19.08 0.317291864628186
19.09 0.305109902285013
19.1 0.420033694269461
19.11 0.480118426101259
19.12 0.439773723752871
19.13 0.509940111877377
19.14 0.551426639487971
19.15 0.695120383160351
19.16 0.77342437339514
19.17 0.754118907136258
19.18 0.667134435893157
19.19 0.684074793302132
19.2 0.754005931522999
19.21 0.92607788721812
19.22 0.987925541037793
19.23 0.99121180405747
19.24 0.953784595839703
19.25 0.952132010934235
19.26 0.964143317876713
19.27 0.997641923640798
19.28 1.17702348517671
19.29 1.29281187571613
19.3 1.14168988477619
19.31 1.06214061299395
19.32 0.991921672675914
19.33 1.01286427797659
19.34 1.10160977219442
19.35 1.10574443578096
19.36 1.25922239868837
19.37 1.39948568573515
19.38 1.25574373849057
19.39 1.1184850119859
19.4 1.32848870236309
19.41 1.30545568842536
19.42 1.24247732352603
19.43 1.39589612309518
19.44 1.46851755220022
19.45 1.32277842661874
19.46 1.25079616386758
19.47 1.15262367065505
19.48 1.16707775606404
19.49 1.19687655769302
19.5 1.18096020114454
19.51 1.26627834887962
19.52 1.22817272217013
19.53 0.95655586034531
19.54 0.823548809553867
19.55 0.849588675762513
19.56 0.687143006721926
19.57 0.656180895642599
19.58 0.872569933699786
19.59 1.00418074613835
19.6 0.92916150209056
19.61 0.97474994889918
19.62 1.10646737753843
19.63 1.14633088545281
19.64 1.240776919152
19.65 1.39171458021066
19.66 1.23868467269525
19.67 1.22032882255138
19.68 1.09850029557371
19.69 1.17500487542199
19.7 1.19926947197204
19.71 1.07772449711095
19.72 0.926130295946438
19.73 0.851642396883089
19.74 0.779438684736795
19.75 0.71821444940137
19.76 0.699751884783351
19.77 0.778175087264568
19.78 0.733006662471816
19.79 0.843932789701949
19.8 0.876514491751488
19.81 0.872623523876654
19.82 0.9129667677454
19.83 0.825433078548126
19.84 0.777936742053653
19.85 0.772602517926832
19.86 0.773083628216588
19.87 0.726150057457116
19.88 0.776168644491326
19.89 0.882420921167764
19.9 0.792501698736763
19.91 0.769065958659035
19.92 0.845986771331564
19.93 0.831761422370316
19.94 0.880128830284405
19.95 0.947546918309413
19.96 1.08013873672916
19.97 0.986654453699967
19.98 0.922325507557131
19.99 0.936791137909248
20 0.866601953481827
